spawns: 
  default: 
    world: VillageDefense_world
    x: -228.3810682504782
    y: 26.0
    z: 295.50581707475175
    yaw: 270.98877
    pitch: -0.15001202
